source_row_index,event_type,score_before_home,score_before_away,score_after_home,score_after_away,score_change,shooter_pid,shot_value,shot_action,shot_distance_ft,assisted_by_pid,block_by_pid,ft_result,ft_seq_num,ft_seq_total,rebound_type,rebounder_pid,team_rebound_flag,foul_type,fouler_pid,drawn_by_pid,turnover_committer_pid,turnover_detail,steal_by_pid,violation_label,violation_by,violation_detail,jumper1_pid,jumper2_pid,possession_winner_pid,player_in_pid,player_out_pid,timeout_team,period_kind,period_ordinal,unparsed,raw_text,clock
1,jump_ball,,,,,,,,,,,,,,,,,,,,,,,,,,,,,,,,,,,,12:00.0 Jump ball: wembavi01 vs. holmgch01 ( sochaje01 gains possession),12:00.0
2,fg_miss,,,0.0,0.0,,sochaje01,2.0,layup,3.0,,holmgch01,,,,,,,,,,,,,,,,,,,,,,,,,11:43.0 sochaje01 misses 2-pt layup from 3 ft (block by holmgch01 ) 0-0,11:43.0
3,rebound,,,0.0,0.0,,,,,,,,,,,defensive,dortlu01,False,,,,,,,,,,,,,,,,,,,11:39.0 0-0 Defensive rebound by dortlu01,11:39.0
4,fg_miss,,,0.0,0.0,,gilgesh01,3.0,jump shot,27.0,,,,,,,,,,,,,,,,,,,,,,,,,,,11:35.0 0-0 gilgesh01 misses 3-pt jump shot from 27 ft,11:35.0
5,rebound,,,0.0,0.0,,,,,,,,,,,defensive,wembavi01,False,,,,,,,,,,,,,,,,,,,11:32.0 Defensive rebound by wembavi01 0-0,11:32.0
6,turnover,,,0.0,0.0,,,,,,,,,,,,,,,,,paulch01,bad pass; steal by holmgch01,holmgch01,,,,,,,,,,,,,11:20.0 Turnover by paulch01 (bad pass; steal by holmgch01 ) 0-0,11:20.0
7,fg_make,,,0.0,2.0,2.0,dortlu01,2.0,layup,1.0,holmgch01,,,,,,,,,,,,,,,,,,,,,,,,,,11:17.0 0-2 +2 dortlu01 makes 2-pt layup from 1 ft (assist by holmgch01 ),11:17.0
8,fg_miss,,,0.0,2.0,,wembavi01,3.0,jump shot,26.0,,,,,,,,,,,,,,,,,,,,,,,,,,,11:03.0 wembavi01 misses 3-pt jump shot from 26 ft 0-2,11:03.0
9,rebound,,,0.0,2.0,,,,,,,,,,,defensive,willija06,False,,,,,,,,,,,,,,,,,,,11:01.0 0-2 Defensive rebound by willija06,11:01.0
10,turnover,,,0.0,2.0,,,,,,,,,,,,,,,,,willija06,lost ball; steal by champju02,champju02,,,,,,,,,,,,,10:48.0 0-2 Turnover by willija06 (lost ball; steal by champju02 ),10:48.0
11,foul,,,0.0,2.0,,,,,,,,,,,,,,shooting,holmgch01,wembavi01,,,,,,,,,,,,,,,,10:42.0 Shooting foul by holmgch01 (drawn by wembavi01 ) 0-2,10:42.0
12,free_throw,,,1.0,2.0,1.0,wembavi01,,,,,,makes,1.0,2.0,,,,,,,,,,,,,,,,,,,,,,10:42.0 wembavi01 makes free throw 1 of 2 +1 1-2,10:42.0
13,free_throw,,,2.0,2.0,1.0,wembavi01,,,,,,makes,2.0,2.0,,,,,,,,,,,,,,,,,,,,,,10:42.0 wembavi01 makes free throw 2 of 2 +1 2-2,10:42.0
14,fg_miss,,,2.0,2.0,,holmgch01,2.0,jump shot,14.0,,,,,,,,,,,,,,,,,,,,,,,,,,,10:28.0 2-2 holmgch01 misses 2-pt jump shot from 14 ft,10:28.0
15,rebound,,,2.0,2.0,,,,,,,,,,,defensive,sochaje01,False,,,,,,,,,,,,,,,,,,,10:25.0 Defensive rebound by sochaje01 2-2,10:25.0
16,fg_make,,,4.0,2.0,2.0,sochaje01,2.0,layup,2.0,wembavi01,,,,,,,,,,,,,,,,,,,,,,,,,,10:13.0 sochaje01 makes 2-pt layup from 2 ft (assist by wembavi01 ) +2 4-2,10:13.0
17,fg_miss,,,4.0,2.0,,willija06,3.0,jump shot,25.0,,,,,,,,,,,,,,,,,,,,,,,,,,,10:01.0 4-2 willija06 misses 3-pt jump shot from 25 ft,10:01.0
18,rebound,,,4.0,2.0,,,,,,,,,,,defensive,sochaje01,False,,,,,,,,,,,,,,,,,,,9:58.0 Defensive rebound by sochaje01 4-2,9:58.0
19,fg_miss,,,4.0,2.0,,champju02,2.0,jump shot,5.0,,,,,,,,,,,,,,,,,,,,,,,,,,,9:52.0 champju02 misses 2-pt jump shot from 5 ft 4-2,9:52.0
20,rebound,,,4.0,2.0,,,,,,,,,,,offensive,wembavi01,False,,,,,,,,,,,,,,,,,,,9:50.0 Offensive rebound by wembavi01 4-2,9:50.0
21,fg_make,,,6.0,2.0,2.0,wembavi01,2.0,layup,1.0,,,,,,,,,,,,,,,,,,,,,,,,,,,9:50.0 wembavi01 makes 2-pt layup from 1 ft +2 6-2,9:50.0
22,fg_miss,,,6.0,2.0,,gilgesh01,2.0,layup,6.0,,,,,,,,,,,,,,,,,,,,,,,,,,,9:40.0 6-2 gilgesh01 misses 2-pt layup from 6 ft,9:40.0
23,rebound,,,6.0,2.0,,,,,,,,,,,defensive,champju02,False,,,,,,,,,,,,,,,,,,,9:38.0 Defensive rebound by champju02 6-2,9:38.0
24,fg_make,,,8.0,2.0,2.0,barneha02,2.0,layup,1.0,paulch01,,,,,,,,,,,,,,,,,,,,,,,,,,9:32.0 barneha02 makes 2-pt layup from 1 ft (assist by paulch01 ) +2 8-2,9:32.0
25,timeout,,,8.0,2.0,,,,,,,,,,,,,,,,,,,,,,,,,,,,Oklahoma City full,,,,9:32.0 8-2 Oklahoma City full timeout,9:32.0
26,fg_make,,,8.0,4.0,2.0,wallaca01,2.0,layup,3.0,,,,,,,,,,,,,,,,,,,,,,,,,,,9:21.0 8-4 +2 wallaca01 makes 2-pt layup from 3 ft,9:21.0
27,fg_miss,,,8.0,4.0,,sochaje01,2.0,layup,7.0,,,,,,,,,,,,,,,,,,,,,,,,,,,9:04.0 sochaje01 misses 2-pt layup from 7 ft 8-4,9:04.0
28,rebound,,,8.0,4.0,,,,,,,,,,,defensive,dortlu01,False,,,,,,,,,,,,,,,,,,,9:02.0 8-4 Defensive rebound by dortlu01,9:02.0
29,fg_make,,,8.0,7.0,3.0,dortlu01,3.0,jump shot,25.0,gilgesh01,,,,,,,,,,,,,,,,,,,,,,,,,,8:57.0 8-7 +3 dortlu01 makes 3-pt jump shot from 25 ft (assist by gilgesh01 ),8:57.0
30,turnover,,,8.0,7.0,,,,,,,,,,,,,,,,,champju02,bad pass; steal by willija06,willija06,,,,,,,,,,,,,8:42.0 Turnover by champju02 (bad pass; steal by willija06 ) 8-7,8:42.0
31,fg_miss,,,8.0,7.0,,wallaca01,3.0,jump shot,26.0,,,,,,,,,,,,,,,,,,,,,,,,,,,8:36.0 8-7 wallaca01 misses 3-pt jump shot from 26 ft,8:36.0
32,rebound,,,8.0,7.0,,,,,,,,,,,defensive,champju02,False,,,,,,,,,,,,,,,,,,,8:33.0 Defensive rebound by champju02 8-7,8:33.0
33,foul,,,8.0,7.0,,,,,,,,,,,,,,shooting,wallaca01,barneha02,,,,,,,,,,,,,,,,8:23.0 Shooting foul by wallaca01 (drawn by barneha02 ) 8-7,8:23.0
34,free_throw,,,9.0,7.0,1.0,barneha02,,,,,,makes,1.0,2.0,,,,,,,,,,,,,,,,,,,,,,8:23.0 barneha02 makes free throw 1 of 2 +1 9-7,8:23.0
35,free_throw,,,10.0,7.0,1.0,barneha02,,,,,,makes,2.0,2.0,,,,,,,,,,,,,,,,,,,,,,8:23.0 barneha02 makes free throw 2 of 2 +1 10-7,8:23.0
36,fg_make,,,10.0,10.0,3.0,holmgch01,3.0,jump shot,25.0,gilgesh01,,,,,,,,,,,,,,,,,,,,,,,,,,8:18.0 10-10 +3 holmgch01 makes 3-pt jump shot from 25 ft (assist by gilgesh01 ),8:18.0
37,fg_miss,,,10.0,10.0,,sochaje01,2.0,jump shot,20.0,,,,,,,,,,,,,,,,,,,,,,,,,,,7:51.0 sochaje01 misses 2-pt jump shot from 20 ft 10-10,7:51.0
38,rebound,,,10.0,10.0,,,,,,,,,,,offensive,barneha02,False,,,,,,,,,,,,,,,,,,,7:48.0 Offensive rebound by barneha02 10-10,7:48.0
39,fg_miss,,,10.0,10.0,,sochaje01,2.0,layup,1.0,,,,,,,,,,,,,,,,,,,,,,,,,,,7:46.0 sochaje01 misses 2-pt layup from 1 ft 10-10,7:46.0
40,rebound,,,10.0,10.0,,,,,,,,,,,defensive,gilgesh01,False,,,,,,,,,,,,,,,,,,,7:46.0 10-10 Defensive rebound by gilgesh01,7:46.0
41,fg_miss,,,10.0,10.0,,gilgesh01,3.0,jump shot,26.0,,,,,,,,,,,,,,,,,,,,,,,,,,,7:37.0 10-10 gilgesh01 misses 3-pt jump shot from 26 ft,7:37.0
42,rebound,,,10.0,10.0,,,,,,,,,,,defensive,wembavi01,False,,,,,,,,,,,,,,,,,,,7:35.0 Defensive rebound by wembavi01 10-10,7:35.0
43,fg_miss,,,10.0,10.0,,paulch01,3.0,jump shot,24.0,,,,,,,,,,,,,,,,,,,,,,,,,,,7:17.0 paulch01 misses 3-pt jump shot from 24 ft 10-10,7:17.0
44,rebound,,,10.0,10.0,,,,,,,,,,,defensive,willija06,False,,,,,,,,,,,,,,,,,,,7:14.0 10-10 Defensive rebound by willija06,7:14.0
45,fg_make,,,10.0,13.0,3.0,holmgch01,3.0,jump shot,26.0,dortlu01,,,,,,,,,,,,,,,,,,,,,,,,,,7:06.0 10-13 +3 holmgch01 makes 3-pt jump shot from 26 ft (assist by dortlu01 ),7:06.0
46,fg_miss,,,10.0,13.0,,champju02,3.0,jump shot,25.0,,,,,,,,,,,,,,,,,,,,,,,,,,,6:53.0 champju02 misses 3-pt jump shot from 25 ft 10-13,6:53.0
47,rebound,,,10.0,13.0,,,,,,,,,,,offensive,paulch01,False,,,,,,,,,,,,,,,,,,,6:50.0 Offensive rebound by paulch01 10-13,6:50.0
48,turnover,,,10.0,13.0,,,,,,,,,,,,,,,,,paulch01,bad pass; steal by willija06,willija06,,,,,,,,,,,,,6:49.0 Turnover by paulch01 (bad pass; steal by willija06 ) 10-13,6:49.0
49,fg_make,,,10.0,15.0,2.0,willija06,2.0,dunk,2.0,,,,,,,,,,,,,,,,,,,,,,,,,,,6:46.0 10-15 +2 willija06 makes 2-pt dunk from 2 ft,6:46.0
50,timeout,,,10.0,15.0,,,,,,,,,,,,,,,,,,,,,,,,,,,,San Antonio full,,,,6:44.0 San Antonio full timeout 10-15,6:44.0
51,substitution,,,10.0,15.0,,,,,,,,,,,,,,,,,,,,,,,,,,,,,,,,6:44.0 colliza01 enters the game for champju02 10-15,6:44.0
52,substitution,,,10.0,15.0,,,,,,,,,,,,,,,,,,,,,,,,,,,,,,,,6:44.0 johnske04 enters the game for wembavi01 10-15,6:44.0
53,violation,,,10.0,15.0,,,,,,,,,,,,,,,,,,,,Violation,Team,delay of game,,,,,,,,,,6:44.0 Violation by Team (delay of game) 10-15,6:44.0
54,fg_miss,,,10.0,15.0,,barneha02,3.0,jump shot,23.0,,,,,,,,,,,,,,,,,,,,,,,,,,,6:30.0 barneha02 misses 3-pt jump shot from 23 ft 10-15,6:30.0
55,rebound,,,10.0,15.0,,,,,,,,,,,defensive,holmgch01,False,,,,,,,,,,,,,,,,,,,6:26.0 10-15 Defensive rebound by holmgch01,6:26.0
56,fg_miss,,,10.0,15.0,,willija06,2.0,jump shot,10.0,,,,,,,,,,,,,,,,,,,,,,,,,,,6:19.0 10-15 willija06 misses 2-pt jump shot from 10 ft,6:19.0
57,rebound,,,10.0,15.0,,,,,,,,,,,defensive,colliza01,False,,,,,,,,,,,,,,,,,,,6:16.0 Defensive rebound by colliza01 10-15,6:16.0
58,fg_miss,,,10.0,15.0,,colliza01,3.0,jump shot,26.0,,,,,,,,,,,,,,,,,,,,,,,,,,,6:07.0 colliza01 misses 3-pt jump shot from 26 ft 10-15,6:07.0
59,rebound,,,10.0,15.0,,,,,,,,,,,defensive,willija06,False,,,,,,,,,,,,,,,,,,,6:04.0 10-15 Defensive rebound by willija06,6:04.0
60,fg_miss,,,10.0,15.0,,holmgch01,2.0,jump shot,6.0,,,,,,,,,,,,,,,,,,,,,,,,,,,5:55.0 10-15 holmgch01 misses 2-pt jump shot from 6 ft,5:55.0
61,rebound,,,10.0,15.0,,,,,,,,,,,defensive,sochaje01,False,,,,,,,,,,,,,,,,,,,5:53.0 Defensive rebound by sochaje01 10-15,5:53.0
62,fg_miss,,,10.0,15.0,,barneha02,2.0,layup,5.0,,,,,,,,,,,,,,,,,,,,,,,,,,,5:36.0 barneha02 misses 2-pt layup from 5 ft 10-15,5:36.0
63,rebound,,,10.0,15.0,,,,,,,,,,,offensive,barneha02,False,,,,,,,,,,,,,,,,,,,5:35.0 Offensive rebound by barneha02 10-15,5:35.0
64,turnover,,,10.0,15.0,,,,,,,,,,,,,,,,,paulch01,step out of bounds,,,,,,,,,,,,,,5:34.0 Turnover by paulch01 (step out of bounds) 10-15,5:34.0
65,substitution,,,10.0,15.0,,,,,,,,,,,,,,,,,,,,,,,,,,,,,,,,5:34.0 weslebl01 enters the game for paulch01 10-15,5:34.0
66,substitution,,,10.0,15.0,,,,,,,,,,,,,,,,,,,,,,,,,,,,,,,,5:34.0 10-15 carusal01 enters the game for holmgch01,5:34.0
67,substitution,,,10.0,15.0,,,,,,,,,,,,,,,,,,,,,,,,,,,,,,,,5:34.0 10-15 diengou01 enters the game for willija06,5:34.0
68,fg_miss,,,10.0,15.0,,gilgesh01,3.0,jump shot,25.0,,,,,,,,,,,,,,,,,,,,,,,,,,,5:18.0 10-15 gilgesh01 misses 3-pt jump shot from 25 ft,5:18.0
69,rebound,,,10.0,15.0,,,,,,,,,,,defensive,johnske04,False,,,,,,,,,,,,,,,,,,,5:14.0 Defensive rebound by johnske04 10-15,5:14.0
70,turnover,,,10.0,15.0,,,,,,,,,,,,,,,,,johnske04,back court,,,,,,,,,,,,,,4:59.0 Turnover by johnske04 (back court) 10-15,4:59.0
71,substitution,,,10.0,15.0,,,,,,,,,,,,,,,,,,,,,,,,,,,,,,,,4:59.0 castlst01 enters the game for barneha02 10-15,4:59.0
72,foul,,,10.0,15.0,,,,,,,,,,,,,,shooting,colliza01,gilgesh01,,,,,,,,,,,,,,,,4:53.0 10-15 Shooting foul by colliza01 (drawn by gilgesh01 ),4:53.0
73,free_throw,,,10.0,16.0,1.0,gilgesh01,,,,,,makes,1.0,2.0,,,,,,,,,,,,,,,,,,,,,,4:53.0 10-16 +1 gilgesh01 makes free throw 1 of 2,4:53.0
74,free_throw,,,10.0,17.0,1.0,gilgesh01,,,,,,makes,2.0,2.0,,,,,,,,,,,,,,,,,,,,,,4:53.0 10-17 +1 gilgesh01 makes free throw 2 of 2,4:53.0
75,fg_miss,,,10.0,17.0,,weslebl01,3.0,jump shot,26.0,,,,,,,,,,,,,,,,,,,,,,,,,,,4:30.0 weslebl01 misses 3-pt jump shot from 26 ft 10-17,4:30.0
76,rebound,,,10.0,17.0,,,,,,,,,,,defensive,dortlu01,False,,,,,,,,,,,,,,,,,,,4:27.0 10-17 Defensive rebound by dortlu01,4:27.0
77,fg_make,,,10.0,20.0,3.0,gilgesh01,3.0,jump shot,23.0,carusal01,,,,,,,,,,,,,,,,,,,,,,,,,,4:18.0 10-20 +3 gilgesh01 makes 3-pt jump shot from 23 ft (assist by carusal01 ),4:18.0
78,fg_make,,,13.0,20.0,3.0,colliza01,3.0,jump shot,26.0,sochaje01,,,,,,,,,,,,,,,,,,,,,,,,,,4:05.0 colliza01 makes 3-pt jump shot from 26 ft (assist by sochaje01 ) +3 13-20,4:05.0
79,fg_make,,,13.0,23.0,3.0,diengou01,3.0,jump shot,26.0,wallaca01,,,,,,,,,,,,,,,,,,,,,,,,,,3:52.0 13-23 +3 diengou01 makes 3-pt jump shot from 26 ft (assist by wallaca01 ),3:52.0
80,fg_make,,,15.0,23.0,2.0,johnske04,2.0,layup,4.0,,,,,,,,,,,,,,,,,,,,,,,,,,,3:37.0 johnske04 makes 2-pt layup from 4 ft +2 15-23,3:37.0
81,fg_miss,,,15.0,23.0,,gilgesh01,2.0,layup,3.0,,,,,,,,,,,,,,,,,,,,,,,,,,,3:24.0 15-23 gilgesh01 misses 2-pt layup from 3 ft,3:24.0
82,rebound,,,15.0,23.0,,,,,,,,,,,defensive,johnske04,False,,,,,,,,,,,,,,,,,,,3:22.0 Defensive rebound by johnske04 15-23,3:22.0
83,fg_miss,,,15.0,23.0,,castlst01,2.0,jump shot,9.0,,,,,,,,,,,,,,,,,,,,,,,,,,,3:14.0 castlst01 misses 2-pt jump shot from 9 ft 15-23,3:14.0
84,rebound,,,15.0,23.0,,,,,,,,,,,offensive,colliza01,False,,,,,,,,,,,,,,,,,,,3:13.0 Offensive rebound by colliza01 15-23,3:13.0
85,fg_make,,,17.0,23.0,2.0,weslebl01,2.0,layup,3.0,colliza01,,,,,,,,,,,,,,,,,,,,,,,,,,3:09.0 weslebl01 makes 2-pt layup from 3 ft (assist by colliza01 ) +2 17-23,3:09.0
86,fg_make,,,17.0,26.0,3.0,wallaca01,3.0,jump shot,26.0,gilgesh01,,,,,,,,,,,,,,,,,,,,,,,,,,2:50.0 17-26 +3 wallaca01 makes 3-pt jump shot from 26 ft (assist by gilgesh01 ),2:50.0
87,fg_miss,,,17.0,26.0,,sochaje01,2.0,layup,10.0,,,,,,,,,,,,,,,,,,,,,,,,,,,2:30.0 sochaje01 misses 2-pt layup from 10 ft 17-26,2:30.0
88,rebound,,,17.0,26.0,,,,,,,,,,,offensive,sochaje01,False,,,,,,,,,,,,,,,,,,,2:29.0 Offensive rebound by sochaje01 17-26,2:29.0
89,fg_make,,,19.0,26.0,2.0,sochaje01,2.0,layup,1.0,,,,,,,,,,,,,,,,,,,,,,,,,,,2:28.0 sochaje01 makes 2-pt layup from 1 ft +2 19-26,2:28.0
90,fg_miss,,,19.0,26.0,,gilgesh01,3.0,jump shot,25.0,,,,,,,,,,,,,,,,,,,,,,,,,,,2:12.0 19-26 gilgesh01 misses 3-pt jump shot from 25 ft,2:12.0
91,rebound,,,19.0,26.0,,,,,,,,,,,defensive,johnske04,False,,,,,,,,,,,,,,,,,,,2:10.0 Defensive rebound by johnske04 19-26,2:10.0
92,turnover,,,19.0,26.0,,,,,,,,,,,,,,,,,colliza01,lost ball; steal by carusal01,carusal01,,,,,,,,,,,,,1:52.0 Turnover by colliza01 (lost ball; steal by carusal01 ) 19-26,1:52.0
93,fg_miss,,,19.0,26.0,,gilgesh01,3.0,jump shot,27.0,,,,,,,,,,,,,,,,,,,,,,,,,,,1:48.0 19-26 gilgesh01 misses 3-pt jump shot from 27 ft,1:48.0
94,rebound,,,19.0,26.0,,,,,,,,,,,offensive,dortlu01,False,,,,,,,,,,,,,,,,,,,1:45.0 19-26 Offensive rebound by dortlu01,1:45.0
95,fg_miss,,,19.0,26.0,,wallaca01,2.0,layup,7.0,,,,,,,,,,,,,,,,,,,,,,,,,,,1:35.0 19-26 wallaca01 misses 2-pt layup from 7 ft,1:35.0
96,rebound,,,19.0,26.0,,,,,,,,,,,offensive,,True,,,,,,,,,,,,,,,,,,,1:35.0 19-26 Offensive rebound by Team,1:35.0
97,foul,,,19.0,26.0,,,,,,,,,,,,,,loose ball,johnske04,dortlu01,,,,,,,,,,,,,,,,1:35.0 Loose ball foul by johnske04 (drawn by dortlu01 ) 19-26,1:35.0
98,substitution,,,19.0,26.0,,,,,,,,,,,,,,,,,,,,,,,,,,,,,,,,1:35.0 branhma01 enters the game for colliza01 19-26,1:35.0
99,substitution,,,19.0,26.0,,,,,,,,,,,,,,,,,,,,,,,,,,,,,,,,1:35.0 wembavi01 enters the game for sochaje01 19-26,1:35.0
100,substitution,,,19.0,26.0,,,,,,,,,,,,,,,,,,,,,,,,,,,,,,,,1:35.0 19-26 holmgch01 enters the game for diengou01,1:35.0
101,substitution,,,19.0,26.0,,,,,,,,,,,,,,,,,,,,,,,,,,,,,,,,1:35.0 19-26 joeis01 enters the game for dortlu01,1:35.0
102,substitution,,,19.0,26.0,,,,,,,,,,,,,,,,,,,,,,,,,,,,,,,,1:35.0 19-26 mitchaj01 enters the game for gilgesh01,1:35.0
103,substitution,,,19.0,26.0,,,,,,,,,,,,,,,,,,,,,,,,,,,,,,,,1:35.0 19-26 wiggiaa01 enters the game for wallaca01,1:35.0
104,unknown,,,19.0,26.0,,,,,,,,,,,,,,,,,,,,,,,,,,,,,,,Turnover by Team (shot clock),1:20.0 19-26 Turnover by Team (shot clock),1:20.0
105,fg_miss,,,19.0,26.0,,castlst01,3.0,jump shot,27.0,,,,,,,,,,,,,,,,,,,,,,,,,,,1:02.0 castlst01 misses 3-pt jump shot from 27 ft 19-26,1:02.0
106,rebound,,,19.0,26.0,,,,,,,,,,,defensive,wiggiaa01,False,,,,,,,,,,,,,,,,,,,0:59.0 19-26 Defensive rebound by wiggiaa01,0:59.0
107,foul,,,19.0,26.0,,,,,,,,,,,,,,offensive,holmgch01,johnske04,,,,,,,,,,,,,,,,0:49.0 19-26 Offensive foul by holmgch01 (drawn by johnske04 ),0:49.0
108,turnover,,,19.0,26.0,,,,,,,,,,,,,,,,,holmgch01,offensive foul,,,,,,,,,,,,,,0:49.0 19-26 Turnover by holmgch01 (offensive foul),0:49.0
109,fg_miss,,,19.0,26.0,,weslebl01,3.0,jump shot,25.0,,,,,,,,,,,,,,,,,,,,,,,,,,,0:32.0 weslebl01 misses 3-pt jump shot from 25 ft 19-26,0:32.0
110,rebound,,,19.0,26.0,,,,,,,,,,,defensive,holmgch01,False,,,,,,,,,,,,,,,,,,,0:30.0 19-26 Defensive rebound by holmgch01,0:30.0
111,fg_miss,,,19.0,26.0,,wiggiaa01,3.0,jump shot,25.0,,,,,,,,,,,,,,,,,,,,,,,,,,,0:22.0 19-26 wiggiaa01 misses 3-pt jump shot from 25 ft,0:22.0
112,rebound,,,19.0,26.0,,,,,,,,,,,defensive,castlst01,False,,,,,,,,,,,,,,,,,,,0:19.0 Defensive rebound by castlst01 19-26,0:19.0
113,fg_miss,,,19.0,26.0,,johnske04,3.0,jump shot,23.0,,,,,,,,,,,,,,,,,,,,,,,,,,,0:01.0 johnske04 misses 3-pt jump shot from 23 ft 19-26,0:01.0
114,rebound,,,19.0,26.0,,,,,,,,,,,offensive,,True,,,,,,,,,,,,,,,,,,,0:01.0 Offensive rebound by Team 19-26,0:01.0
115,period_end,,,,,,,,,,,,,,,,,,,,,,,,,,,,,,,,,quarter,1.0,,0:00.0 End of 1st quarter,0:00.0
116,period_start,,,,,,,,,,,,,,,,,,,,,,,,,,,,,,,,,quarter,2.0,,12:00.0 Start of 2nd quarter,12:00.0
117,unknown,,,19.0,26.0,,,,,,,,,,,,,,,,,,,,,,,,,,,,,,,Turnover by Team (shot clock),11:36.0 19-26 Turnover by Team (shot clock),11:36.0
118,fg_miss,,,19.0,26.0,,branhma01,2.0,jump shot,13.0,,,,,,,,,,,,,,,,,,,,,,,,,,,11:18.0 branhma01 misses 2-pt jump shot from 13 ft 19-26,11:18.0
119,rebound,,,19.0,26.0,,,,,,,,,,,defensive,willija06,False,,,,,,,,,,,,,,,,,,,11:15.0 19-26 Defensive rebound by willija06,11:15.0
120,fg_miss,,,19.0,26.0,,wiggiaa01,2.0,jump shot,7.0,,,,,,,,,,,,,,,,,,,,,,,,,,,11:05.0 19-26 wiggiaa01 misses 2-pt jump shot from 7 ft,11:05.0
121,rebound,,,19.0,26.0,,,,,,,,,,,defensive,wembavi01,False,,,,,,,,,,,,,,,,,,,11:02.0 Defensive rebound by wembavi01 19-26,11:02.0
122,turnover,,,19.0,26.0,,,,,,,,,,,,,,,,,johnske04,bad pass; steal by willija06,willija06,,,,,,,,,,,,,10:51.0 Turnover by johnske04 (bad pass; steal by willija06 ) 19-26,10:51.0
123,fg_make,,,19.0,28.0,2.0,holmgch01,2.0,dunk,2.0,willija06,,,,,,,,,,,,,,,,,,,,,,,,,,10:45.0 19-28 +2 holmgch01 makes 2-pt dunk from 2 ft (assist by willija06 ),10:45.0
124,timeout,,,19.0,28.0,,,,,,,,,,,,,,,,,,,,,,,,,,,,San Antonio full,,,,10:43.0 San Antonio full timeout 19-28,10:43.0
125,substitution,,,19.0,28.0,,,,,,,,,,,,,,,,,,,,,,,,,,,,,,,,10:43.0 colliza01 enters the game for wembavi01 19-28,10:43.0
126,fg_miss,,,19.0,28.0,,branhma01,2.0,layup,5.0,,,,,,,,,,,,,,,,,,,,,,,,,,,10:22.0 branhma01 misses 2-pt layup from 5 ft 19-28,10:22.0
127,rebound,,,19.0,28.0,,,,,,,,,,,offensive,colliza01,False,,,,,,,,,,,,,,,,,,,10:19.0 Offensive rebound by colliza01 19-28,10:19.0
128,fg_miss,,,19.0,28.0,,colliza01,2.0,layup,2.0,,holmgch01,,,,,,,,,,,,,,,,,,,,,,,,,10:19.0 colliza01 misses 2-pt layup from 2 ft (block by holmgch01 ) 19-28,10:19.0
129,rebound,,,19.0,28.0,,,,,,,,,,,defensive,joeis01,False,,,,,,,,,,,,,,,,,,,10:19.0 19-28 Defensive rebound by joeis01,10:19.0
130,fg_miss,,,19.0,28.0,,wiggiaa01,2.0,dunk,3.0,,colliza01,,,,,,,,,,,,,,,,,,,,,,,,,10:09.0 19-28 wiggiaa01 misses 2-pt dunk from 3 ft (block by colliza01 ),10:09.0
131,rebound,,,19.0,28.0,,,,,,,,,,,defensive,branhma01,False,,,,,,,,,,,,,,,,,,,10:06.0 Defensive rebound by branhma01 19-28,10:06.0
132,fg_make,,,22.0,28.0,3.0,branhma01,3.0,jump shot,26.0,johnske04,,,,,,,,,,,,,,,,,,,,,,,,,,9:54.0 branhma01 makes 3-pt jump shot from 26 ft (assist by johnske04 ) +3 22-28,9:54.0
133,fg_make,,,22.0,31.0,3.0,joeis01,3.0,jump shot,24.0,willija06,,,,,,,,,,,,,,,,,,,,,,,,,,9:35.0 22-31 +3 joeis01 makes 3-pt jump shot from 24 ft (assist by willija06 ),9:35.0
134,fg_make,,,24.0,31.0,2.0,johnske04,2.0,layup,7.0,castlst01,,,,,,,,,,,,,,,,,,,,,,,,,,9:21.0 johnske04 makes 2-pt layup from 7 ft (assist by castlst01 ) +2 24-31,9:21.0
135,fg_make,,,24.0,33.0,2.0,holmgch01,2.0,jump shot,12.0,,,,,,,,,,,,,,,,,,,,,,,,,,,9:06.0 24-33 +2 holmgch01 makes 2-pt jump shot from 12 ft,9:06.0
136,fg_miss,,,24.0,33.0,,champju02,3.0,jump shot,24.0,,,,,,,,,,,,,,,,,,,,,,,,,,,8:47.0 champju02 misses 3-pt jump shot from 24 ft 24-33,8:47.0
137,rebound,,,24.0,33.0,,,,,,,,,,,defensive,wiggiaa01,False,,,,,,,,,,,,,,,,,,,8:44.0 24-33 Defensive rebound by wiggiaa01,8:44.0
138,fg_make,,,24.0,35.0,2.0,willija06,2.0,layup,2.0,wiggiaa01,,,,,,,,,,,,,,,,,,,,,,,,,,8:39.0 24-35 +2 willija06 makes 2-pt layup from 2 ft (assist by wiggiaa01 ),8:39.0
139,fg_make,,,26.0,35.0,2.0,branhma01,2.0,layup,1.0,,,,,,,,,,,,,,,,,,,,,,,,,,,8:26.0 branhma01 makes 2-pt layup from 1 ft +2 26-35,8:26.0
140,fg_miss,,,26.0,35.0,,willija06,2.0,jump shot,12.0,,,,,,,,,,,,,,,,,,,,,,,,,,,8:14.0 26-35 willija06 misses 2-pt jump shot from 12 ft,8:14.0
141,rebound,,,26.0,35.0,,,,,,,,,,,offensive,,True,,,,,,,,,,,,,,,,,,,8:13.0 26-35 Offensive rebound by Team,8:13.0
142,substitution,,,26.0,35.0,,,,,,,,,,,,,,,,,,,,,,,,,,,,,,,,8:13.0 barneha02 enters the game for castlst01 26-35,8:13.0
143,substitution,,,26.0,35.0,,,,,,,,,,,,,,,,,,,,,,,,,,,,,,,,8:13.0 paulch01 enters the game for johnske04 26-35,8:13.0
144,fg_make,,,26.0,37.0,2.0,holmgch01,2.0,layup,2.0,willija06,,,,,,,,,,,,,,,,,,,,,,,,,,8:07.0 26-37 +2 holmgch01 makes 2-pt layup from 2 ft (assist by willija06 ),8:07.0
145,fg_miss,,,26.0,37.0,,paulch01,3.0,jump shot,25.0,,,,,,,,,,,,,,,,,,,,,,,,,,,7:50.0 paulch01 misses 3-pt jump shot from 25 ft 26-37,7:50.0
146,rebound,,,26.0,37.0,,,,,,,,,,,defensive,holmgch01,False,,,,,,,,,,,,,,,,,,,7:48.0 26-37 Defensive rebound by holmgch01,7:48.0
147,fg_miss,,,26.0,37.0,,holmgch01,2.0,jump shot,9.0,,,,,,,,,,,,,,,,,,,,,,,,,,,7:42.0 26-37 holmgch01 misses 2-pt jump shot from 9 ft,7:42.0
148,rebound,,,26.0,37.0,,,,,,,,,,,defensive,champju02,False,,,,,,,,,,,,,,,,,,,7:39.0 Defensive rebound by champju02 26-37,7:39.0
149,fg_miss,,,26.0,37.0,,branhma01,2.0,jump shot,20.0,,,,,,,,,,,,,,,,,,,,,,,,,,,7:32.0 branhma01 misses 2-pt jump shot from 20 ft 26-37,7:32.0
150,rebound,,,26.0,37.0,,,,,,,,,,,defensive,mitchaj01,False,,,,,,,,,,,,,,,,,,,7:30.0 26-37 Defensive rebound by mitchaj01,7:30.0
151,fg_make,,,26.0,39.0,2.0,mitchaj01,2.0,layup,2.0,,,,,,,,,,,,,,,,,,,,,,,,,,,7:24.0 26-39 +2 mitchaj01 makes 2-pt layup from 2 ft,7:24.0
152,turnover,,,26.0,39.0,,,,,,,,,,,,,,,,,champju02,bad pass; steal by willija06,willija06,,,,,,,,,,,,,7:19.0 Turnover by champju02 (bad pass; steal by willija06 ) 26-39,7:19.0
153,fg_make,,,26.0,42.0,3.0,holmgch01,3.0,jump shot,29.0,joeis01,,,,,,,,,,,,,,,,,,,,,,,,,,7:15.0 26-42 +3 holmgch01 makes 3-pt jump shot from 29 ft (assist by joeis01 ),7:15.0
154,foul,,,26.0,42.0,,,,,,,,,,,,,,personal,willija06,barneha02,,,,,,,,,,,,,,,,6:56.0 Personal foul by willija06 (drawn by barneha02 ) 26-42,6:56.0
155,substitution,,,26.0,42.0,,,,,,,,,,,,,,,,,,,,,,,,,,,,,,,,6:56.0 johnske04 enters the game for branhma01 26-42,6:56.0
156,substitution,,,26.0,42.0,,,,,,,,,,,,,,,,,,,,,,,,,,,,,,,,6:56.0 sochaje01 enters the game for champju02 26-42,6:56.0
157,substitution,,,26.0,42.0,,,,,,,,,,,,,,,,,,,,,,,,,,,,,,,,6:56.0 wembavi01 enters the game for colliza01 26-42,6:56.0
158,fg_miss,,,26.0,42.0,,johnske04,3.0,jump shot,25.0,,,,,,,,,,,,,,,,,,,,,,,,,,,6:48.0 johnske04 misses 3-pt jump shot from 25 ft 26-42,6:48.0
159,rebound,,,26.0,42.0,,,,,,,,,,,offensive,sochaje01,False,,,,,,,,,,,,,,,,,,,6:44.0 Offensive rebound by sochaje01 26-42,6:44.0
160,fg_miss,,,26.0,42.0,,wembavi01,2.0,layup,1.0,,willija06,,,,,,,,,,,,,,,,,,,,,,,,,6:43.0 wembavi01 misses 2-pt layup from 1 ft (block by willija06 ) 26-42,6:43.0
161,rebound,,,26.0,42.0,,,,,,,,,,,offensive,barneha02,False,,,,,,,,,,,,,,,,,,,6:39.0 Offensive rebound by barneha02 26-42,6:39.0
162,fg_miss,,,26.0,42.0,,sochaje01,3.0,jump shot,23.0,,,,,,,,,,,,,,,,,,,,,,,,,,,6:37.0 sochaje01 misses 3-pt jump shot from 23 ft 26-42,6:37.0
163,rebound,,,26.0,42.0,,,,,,,,,,,defensive,willija06,False,,,,,,,,,,,,,,,,,,,6:35.0 26-42 Defensive rebound by willija06,6:35.0
164,fg_make,,,26.0,45.0,3.0,mitchaj01,3.0,jump shot,28.0,willija06,,,,,,,,,,,,,,,,,,,,,,,,,,6:24.0 26-45 +3 mitchaj01 makes 3-pt jump shot from 28 ft (assist by willija06 ),6:24.0
165,fg_make,,,28.0,45.0,2.0,barneha02,2.0,jump shot,13.0,,,,,,,,,,,,,,,,,,,,,,,,,,,5:57.0 barneha02 makes 2-pt jump shot from 13 ft +2 28-45,5:57.0
166,turnover,,,28.0,45.0,,,,,,,,,,,,,,,,,holmgch01,traveling,,,,,,,,,,,,,,5:46.0 28-45 Turnover by holmgch01 (traveling),5:46.0
167,substitution,,,28.0,45.0,,,,,,,,,,,,,,,,,,,,,,,,,,,,,,,,5:46.0 28-45 carusal01 enters the game for holmgch01,5:46.0
168,substitution,,,28.0,45.0,,,,,,,,,,,,,,,,,,,,,,,,,,,,,,,,5:46.0 28-45 diengou01 enters the game for joeis01,5:46.0
169,substitution,,,28.0,45.0,,,,,,,,,,,,,,,,,,,,,,,,,,,,,,,,5:46.0 28-45 gilgesh01 enters the game for willija06,5:46.0
170,turnover,,,28.0,45.0,,,,,,,,,,,,,,,,,wembavi01,bad pass; steal by carusal01,carusal01,,,,,,,,,,,,,5:25.0 Turnover by wembavi01 (bad pass; steal by carusal01 ) 28-45,5:25.0
171,fg_make,,,28.0,47.0,2.0,wiggiaa01,2.0,layup,1.0,diengou01,,,,,,,,,,,,,,,,,,,,,,,,,,5:17.0 28-47 +2 wiggiaa01 makes 2-pt layup from 1 ft (assist by diengou01 ),5:17.0
172,fg_make,,,30.0,47.0,2.0,sochaje01,2.0,layup,1.0,paulch01,,,,,,,,,,,,,,,,,,,,,,,,,,4:53.0 sochaje01 makes 2-pt layup from 1 ft (assist by paulch01 ) +2 30-47,4:53.0
173,fg_miss,,,30.0,47.0,,gilgesh01,3.0,jump shot,27.0,,,,,,,,,,,,,,,,,,,,,,,,,,,4:44.0 30-47 gilgesh01 misses 3-pt jump shot from 27 ft,4:44.0
174,rebound,,,30.0,47.0,,,,,,,,,,,defensive,johnske04,False,,,,,,,,,,,,,,,,,,,4:41.0 Defensive rebound by johnske04 30-47,4:41.0
175,fg_make,,,32.0,47.0,2.0,sochaje01,2.0,layup,1.0,paulch01,,,,,,,,,,,,,,,,,,,,,,,,,,4:39.0 sochaje01 makes 2-pt layup from 1 ft (assist by paulch01 ) +2 32-47,4:39.0
176,fg_miss,,,32.0,47.0,,diengou01,3.0,jump shot,25.0,,,,,,,,,,,,,,,,,,,,,,,,,,,4:27.0 32-47 diengou01 misses 3-pt jump shot from 25 ft,4:27.0
177,rebound,,,32.0,47.0,,,,,,,,,,,defensive,paulch01,False,,,,,,,,,,,,,,,,,,,4:23.0 Defensive rebound by paulch01 32-47,4:23.0
178,foul,,,32.0,47.0,,,,,,,,,,,,,,personal,gilgesh01,paulch01,,,,,,,,,,,,,,,,4:19.0 Personal foul by gilgesh01 (drawn by paulch01 ) 32-47,4:19.0
179,substitution,,,32.0,47.0,,,,,,,,,,,,,,,,,,,,,,,,,,,,,,,,4:19.0 32-47 dortlu01 enters the game for mitchaj01,4:19.0
180,substitution,,,32.0,47.0,,,,,,,,,,,,,,,,,,,,,,,,,,,,,,,,4:19.0 32-47 wallaca01 enters the game for wiggiaa01,4:19.0
181,fg_miss,,,32.0,47.0,,wembavi01,3.0,jump shot,25.0,,,,,,,,,,,,,,,,,,,,,,,,,,,4:17.0 wembavi01 misses 3-pt jump shot from 25 ft 32-47,4:17.0
182,rebound,,,32.0,47.0,,,,,,,,,,,offensive,barneha02,False,,,,,,,,,,,,,,,,,,,4:14.0 Offensive rebound by barneha02 32-47,4:14.0
183,fg_miss,,,32.0,47.0,,barneha02,2.0,layup,1.0,,,,,,,,,,,,,,,,,,,,,,,,,,,4:13.0 barneha02 misses 2-pt layup from 1 ft 32-47,4:13.0
184,rebound,,,32.0,47.0,,,,,,,,,,,defensive,gilgesh01,False,,,,,,,,,,,,,,,,,,,4:11.0 32-47 Defensive rebound by gilgesh01,4:11.0
185,fg_miss,,,32.0,47.0,,carusal01,3.0,jump shot,25.0,,,,,,,,,,,,,,,,,,,,,,,,,,,4:06.0 32-47 carusal01 misses 3-pt jump shot from 25 ft,4:06.0
186,rebound,,,32.0,47.0,,,,,,,,,,,defensive,wembavi01,False,,,,,,,,,,,,,,,,,,,4:03.0 Defensive rebound by wembavi01 32-47,4:03.0
187,fg_miss,,,32.0,47.0,,wembavi01,3.0,jump shot,27.0,,,,,,,,,,,,,,,,,,,,,,,,,,,3:54.0 wembavi01 misses 3-pt jump shot from 27 ft 32-47,3:54.0
188,rebound,,,32.0,47.0,,,,,,,,,,,offensive,johnske04,False,,,,,,,,,,,,,,,,,,,3:48.0 Offensive rebound by johnske04 32-47,3:48.0
189,fg_miss,,,32.0,47.0,,johnske04,2.0,layup,,,,,,,,,,,,,,,,,,,,,,,,,,,,3:48.0 johnske04 misses 2-pt layup at rim 32-47,3:48.0
190,rebound,,,32.0,47.0,,,,,,,,,,,defensive,diengou01,False,,,,,,,,,,,,,,,,,,,3:48.0 32-47 Defensive rebound by diengou01,3:48.0
191,fg_miss,,,32.0,47.0,,diengou01,3.0,jump shot,26.0,,,,,,,,,,,,,,,,,,,,,,,,,,,3:38.0 32-47 diengou01 misses 3-pt jump shot from 26 ft,3:38.0
192,rebound,,,32.0,47.0,,,,,,,,,,,defensive,wembavi01,False,,,,,,,,,,,,,,,,,,,3:36.0 Defensive rebound by wembavi01 32-47,3:36.0
193,foul,,,32.0,47.0,,,,,,,,,,,,,,shooting,diengou01,sochaje01,,,,,,,,,,,,,,,,3:32.0 Shooting foul by diengou01 (drawn by sochaje01 ) 32-47,3:32.0
194,free_throw,,,33.0,47.0,1.0,sochaje01,,,,,,makes,1.0,2.0,,,,,,,,,,,,,,,,,,,,,,3:32.0 sochaje01 makes free throw 1 of 2 +1 33-47,3:32.0
195,free_throw,,,34.0,47.0,1.0,sochaje01,,,,,,makes,2.0,2.0,,,,,,,,,,,,,,,,,,,,,,3:32.0 sochaje01 makes free throw 2 of 2 +1 34-47,3:32.0
196,fg_miss,,,34.0,47.0,,carusal01,2.0,layup,2.0,,wembavi01,,,,,,,,,,,,,,,,,,,,,,,,,3:17.0 34-47 carusal01 misses 2-pt layup from 2 ft (block by wembavi01 ),3:17.0
197,rebound,,,34.0,47.0,,,,,,,,,,,offensive,dortlu01,False,,,,,,,,,,,,,,,,,,,3:13.0 34-47 Offensive rebound by dortlu01,3:13.0
198,fg_make,,,34.0,50.0,3.0,dortlu01,3.0,jump shot,25.0,diengou01,,,,,,,,,,,,,,,,,,,,,,,,,,3:10.0 34-50 +3 dortlu01 makes 3-pt jump shot from 25 ft (assist by diengou01 ),3:10.0
199,turnover,,,34.0,50.0,,,,,,,,,,,,,,,,,sochaje01,bad pass; steal by wallaca01,wallaca01,,,,,,,,,,,,,2:56.0 Turnover by sochaje01 (bad pass; steal by wallaca01 ) 34-50,2:56.0
200,turnover,,,34.0,50.0,,,,,,,,,,,,,,,,,wallaca01,lost ball; steal by johnske04,johnske04,,,,,,,,,,,,,2:52.0 34-50 Turnover by wallaca01 (lost ball; steal by johnske04 ),2:52.0
201,timeout,,,34.0,50.0,,,,,,,,,,,,,,,,,,,,,,,,,,,,Oklahoma City full,,,,2:52.0 34-50 Oklahoma City full timeout,2:52.0
202,instant_replay,,,34.0,50.0,,,,,,,,,,,,,,,,,,,,,,,,,,,,,,,,2:52.0 34-50 Instant Replay (Challenge: Ruling Stands),2:52.0
203,substitution,,,34.0,50.0,,,,,,,,,,,,,,,,,,,,,,,,,,,,,,,,2:52.0 34-50 holmgch01 enters the game for diengou01,2:52.0
204,fg_miss,,,34.0,50.0,,johnske04,2.0,layup,2.0,,dortlu01,,,,,,,,,,,,,,,,,,,,,,,,,2:31.0 johnske04 misses 2-pt layup from 2 ft (block by dortlu01 ) 34-50,2:31.0
205,rebound,,,34.0,50.0,,,,,,,,,,,defensive,gilgesh01,False,,,,,,,,,,,,,,,,,,,2:29.0 34-50 Defensive rebound by gilgesh01,2:29.0
206,turnover,,,34.0,50.0,,,,,,,,,,,,,,,,,holmgch01,bad pass; steal by sochaje01,sochaje01,,,,,,,,,,,,,2:12.0 34-50 Turnover by holmgch01 (bad pass; steal by sochaje01 ),2:12.0
207,fg_make,,,37.0,50.0,3.0,paulch01,3.0,jump shot,25.0,sochaje01,,,,,,,,,,,,,,,,,,,,,,,,,,2:05.0 paulch01 makes 3-pt jump shot from 25 ft (assist by sochaje01 ) +3 37-50,2:05.0
208,fg_miss,,,37.0,50.0,,dortlu01,3.0,jump shot,25.0,,,,,,,,,,,,,,,,,,,,,,,,,,,1:49.0 37-50 dortlu01 misses 3-pt jump shot from 25 ft,1:49.0
209,rebound,,,37.0,50.0,,,,,,,,,,,defensive,paulch01,False,,,,,,,,,,,,,,,,,,,1:46.0 Defensive rebound by paulch01 37-50,1:46.0
210,fg_make,,,40.0,50.0,3.0,paulch01,3.0,jump shot,26.0,wembavi01,,,,,,,,,,,,,,,,,,,,,,,,,,1:36.0 paulch01 makes 3-pt jump shot from 26 ft (assist by wembavi01 ) +3 40-50,1:36.0
211,timeout,,,40.0,50.0,,,,,,,,,,,,,,,,,,,,,,,,,,,,Oklahoma City full,,,,1:36.0 40-50 Oklahoma City full timeout,1:36.0
212,substitution,,,40.0,50.0,,,,,,,,,,,,,,,,,,,,,,,,,,,,,,,,1:36.0 40-50 willija06 enters the game for holmgch01,1:36.0
213,fg_make,,,40.0,53.0,3.0,gilgesh01,3.0,jump shot,27.0,wallaca01,,,,,,,,,,,,,,,,,,,,,,,,,,1:26.0 40-53 +3 gilgesh01 makes 3-pt jump shot from 27 ft (assist by wallaca01 ),1:26.0
214,foul,,,40.0,53.0,,,,,,,,,,,,,,shooting,willija06,wembavi01,,,,,,,,,,,,,,,,1:09.0 Shooting foul by willija06 (drawn by wembavi01 ) 40-53,1:09.0
215,free_throw,,,41.0,53.0,1.0,wembavi01,,,,,,makes,1.0,2.0,,,,,,,,,,,,,,,,,,,,,,1:09.0 wembavi01 makes free throw 1 of 2 +1 41-53,1:09.0
216,free_throw,,,42.0,53.0,1.0,wembavi01,,,,,,makes,2.0,2.0,,,,,,,,,,,,,,,,,,,,,,1:09.0 wembavi01 makes free throw 2 of 2 +1 42-53,1:09.0
217,fg_make,,,42.0,56.0,3.0,dortlu01,3.0,jump shot,25.0,gilgesh01,,,,,,,,,,,,,,,,,,,,,,,,,,0:51.0 42-56 +3 dortlu01 makes 3-pt jump shot from 25 ft (assist by gilgesh01 ),0:51.0
218,fg_make,,,44.0,56.0,2.0,paulch01,2.0,jump shot,14.0,,,,,,,,,,,,,,,,,,,,,,,,,,,0:41.0 paulch01 makes 2-pt jump shot from 14 ft +2 44-56,0:41.0
219,fg_miss,,,44.0,56.0,,gilgesh01,2.0,jump shot,11.0,,,,,,,,,,,,,,,,,,,,,,,,,,,0:35.0 44-56 gilgesh01 misses 2-pt jump shot from 11 ft,0:35.0
220,rebound,,,44.0,56.0,,,,,,,,,,,offensive,dortlu01,False,,,,,,,,,,,,,,,,,,,0:32.0 44-56 Offensive rebound by dortlu01,0:32.0
221,fg_make,,,44.0,59.0,3.0,willija06,3.0,jump shot,26.0,gilgesh01,,,,,,,,,,,,,,,,,,,,,,,,,,0:25.0 44-59 +3 willija06 makes 3-pt jump shot from 26 ft (assist by gilgesh01 ),0:25.0
222,turnover,,,44.0,59.0,,,,,,,,,,,,,,,,,wembavi01,lost ball; steal by carusal01,carusal01,,,,,,,,,,,,,0:03.0 Turnover by wembavi01 (lost ball; steal by carusal01 ) 44-59,0:03.0
223,turnover,,,44.0,59.0,,,,,,,,,,,,,,,,,carusal01,bad pass; steal by johnske04,johnske04,,,,,,,,,,,,,0:01.0 44-59 Turnover by carusal01 (bad pass; steal by johnske04 ),0:01.0
224,fg_miss,,,44.0,59.0,,johnske04,3.0,jump shot,25.0,,,,,,,,,,,,,,,,,,,,,,,,,,,0:00.0 johnske04 misses 3-pt jump shot from 25 ft 44-59,0:00.0
225,rebound,,,44.0,59.0,,,,,,,,,,,offensive,,True,,,,,,,,,,,,,,,,,,,0:00.0 Offensive rebound by Team 44-59,0:00.0
226,period_end,,,,,,,,,,,,,,,,,,,,,,,,,,,,,,,,,quarter,2.0,,0:00.0 End of 2nd quarter,0:00.0
227,period_start,,,,,,,,,,,,,,,,,,,,,,,,,,,,,,,,,quarter,3.0,,12:00.0 Start of 3rd quarter,12:00.0
228,fg_make,,,44.0,61.0,2.0,wallaca01,2.0,layup,4.0,,,,,,,,,,,,,,,,,,,,,,,,,,,11:49.0 44-61 +2 wallaca01 makes 2-pt layup from 4 ft,11:49.0
229,fg_miss,,,44.0,61.0,,sochaje01,2.0,layup,3.0,,,,,,,,,,,,,,,,,,,,,,,,,,,11:28.0 sochaje01 misses 2-pt layup from 3 ft 44-61,11:28.0
230,rebound,,,44.0,61.0,,,,,,,,,,,defensive,holmgch01,False,,,,,,,,,,,,,,,,,,,11:26.0 44-61 Defensive rebound by holmgch01,11:26.0
231,fg_make,,,44.0,63.0,2.0,gilgesh01,2.0,layup,3.0,,,,,,,,,,,,,,,,,,,,,,,,,,,11:10.0 44-63 +2 gilgesh01 makes 2-pt layup from 3 ft,11:10.0
232,fg_miss,,,44.0,63.0,,barneha02,2.0,layup,3.0,,dortlu01,,,,,,,,,,,,,,,,,,,,,,,,,11:02.0 barneha02 misses 2-pt layup from 3 ft (block by dortlu01 ) 44-63,11:02.0
233,rebound,,,44.0,63.0,,,,,,,,,,,offensive,,True,,,,,,,,,,,,,,,,,,,11:02.0 Offensive rebound by Team 44-63,11:02.0
234,fg_miss,,,44.0,63.0,,champju02,3.0,jump shot,23.0,,,,,,,,,,,,,,,,,,,,,,,,,,,10:59.0 champju02 misses 3-pt jump shot from 23 ft 44-63,10:59.0
235,rebound,,,44.0,63.0,,,,,,,,,,,defensive,gilgesh01,False,,,,,,,,,,,,,,,,,,,10:58.0 44-63 Defensive rebound by gilgesh01,10:58.0
236,fg_miss,,,44.0,63.0,,gilgesh01,3.0,jump shot,26.0,,,,,,,,,,,,,,,,,,,,,,,,,,,10:46.0 44-63 gilgesh01 misses 3-pt jump shot from 26 ft,10:46.0
237,rebound,,,44.0,63.0,,,,,,,,,,,defensive,paulch01,False,,,,,,,,,,,,,,,,,,,10:42.0 Defensive rebound by paulch01 44-63,10:42.0
238,fg_make,,,47.0,63.0,3.0,champju02,3.0,jump shot,23.0,barneha02,,,,,,,,,,,,,,,,,,,,,,,,,,10:32.0 champju02 makes 3-pt jump shot from 23 ft (assist by barneha02 ) +3 47-63,10:32.0
239,fg_make,,,47.0,66.0,3.0,dortlu01,3.0,jump shot,25.0,willija06,,,,,,,,,,,,,,,,,,,,,,,,,,10:16.0 47-66 +3 dortlu01 makes 3-pt jump shot from 25 ft (assist by willija06 ),10:16.0
240,foul,,,47.0,66.0,,,,,,,,,,,,,,personal,dortlu01,wembavi01,,,,,,,,,,,,,,,,10:05.0 Personal foul by dortlu01 (drawn by wembavi01 ) 47-66,10:05.0
241,foul,,,47.0,66.0,,,,,,,,,,,,,,away from play,wallaca01,paulch01,,,,,,,,,,,,,,,,10:05.0 Away from play foul by wallaca01 (drawn by paulch01 ) 47-66,10:05.0
242,free_throw,,,48.0,66.0,1.0,paulch01,,,,,,makes,1.0,1.0,,,,,,,,,,,,,,,,,,,,,,10:05.0 paulch01 makes free throw 1 of 1 +1 48-66,10:05.0
243,fg_make,,,50.0,66.0,2.0,paulch01,2.0,jump shot,16.0,sochaje01,,,,,,,,,,,,,,,,,,,,,,,,,,9:57.0 paulch01 makes 2-pt jump shot from 16 ft (assist by sochaje01 ) +2 50-66,9:57.0
244,fg_miss,,,50.0,66.0,,willija06,2.0,jump shot,8.0,,,,,,,,,,,,,,,,,,,,,,,,,,,9:43.0 50-66 willija06 misses 2-pt jump shot from 8 ft,9:43.0
245,rebound,,,50.0,66.0,,,,,,,,,,,defensive,sochaje01,False,,,,,,,,,,,,,,,,,,,9:41.0 Defensive rebound by sochaje01 50-66,9:41.0
246,fg_make,,,52.0,66.0,2.0,barneha02,2.0,dunk,1.0,paulch01,,,,,,,,,,,,,,,,,,,,,,,,,,9:34.0 barneha02 makes 2-pt dunk from 1 ft (assist by paulch01 ) +2 52-66,9:34.0
247,foul,,,52.0,66.0,,,,,,,,,,,,,,personal,sochaje01,gilgesh01,,,,,,,,,,,,,,,,9:16.0 52-66 Personal foul by sochaje01 (drawn by gilgesh01 ),9:16.0
248,foul,,,52.0,66.0,,,,,,,,,,,,,,shooting,paulch01,holmgch01,,,,,,,,,,,,,,,,9:10.0 52-66 Shooting foul by paulch01 (drawn by holmgch01 ),9:10.0
249,free_throw,,,52.0,67.0,1.0,holmgch01,,,,,,makes,1.0,2.0,,,,,,,,,,,,,,,,,,,,,,9:10.0 52-67 +1 holmgch01 makes free throw 1 of 2,9:10.0
250,free_throw,,,52.0,68.0,1.0,holmgch01,,,,,,makes,2.0,2.0,,,,,,,,,,,,,,,,,,,,,,9:10.0 52-68 +1 holmgch01 makes free throw 2 of 2,9:10.0
251,turnover,,,52.0,68.0,,,,,,,,,,,,,,,,,wembavi01,bad pass; steal by holmgch01,holmgch01,,,,,,,,,,,,,8:56.0 Turnover by wembavi01 (bad pass; steal by holmgch01 ) 52-68,8:56.0
252,fg_make,,,52.0,71.0,3.0,dortlu01,3.0,jump shot,25.0,willija06,,,,,,,,,,,,,,,,,,,,,,,,,,8:50.0 52-71 +3 dortlu01 makes 3-pt jump shot from 25 ft (assist by willija06 ),8:50.0
253,timeout,,,52.0,71.0,,,,,,,,,,,,,,,,,,,,,,,,,,,,San Antonio full,,,,8:35.0 San Antonio full timeout 52-71,8:35.0
254,fg_make,,,55.0,71.0,3.0,paulch01,3.0,jump shot,25.0,,,,,,,,,,,,,,,,,,,,,,,,,,,8:28.0 paulch01 makes 3-pt jump shot from 25 ft +3 55-71,8:28.0
255,turnover,,,55.0,71.0,,,,,,,,,,,,,,,,,holmgch01,lost ball; steal by paulch01,paulch01,,,,,,,,,,,,,8:11.0 55-71 Turnover by holmgch01 (lost ball; steal by paulch01 ),8:11.0
256,fg_make,,,57.0,71.0,2.0,sochaje01,2.0,layup,1.0,paulch01,,,,,,,,,,,,,,,,,,,,,,,,,,8:06.0 sochaje01 makes 2-pt layup from 1 ft (assist by paulch01 ) +2 57-71,8:06.0
257,unknown,,,57.0,71.0,,,,,,,,,,,,,,,,,,,,,,,,,,,,,,,Turnover by Team (shot clock),7:40.0 57-71 Turnover by Team (shot clock),7:40.0
258,turnover,,,57.0,71.0,,,,,,,,,,,,,,,,,barneha02,bad pass; steal by wallaca01,wallaca01,,,,,,,,,,,,,7:20.0 Turnover by barneha02 (bad pass; steal by wallaca01 ) 57-71,7:20.0
259,fg_make,,,57.0,73.0,2.0,gilgesh01,2.0,layup,2.0,willija06,,,,,,,,,,,,,,,,,,,,,,,,,,7:16.0 57-73 +2 gilgesh01 makes 2-pt layup from 2 ft (assist by willija06 ),7:16.0
260,fg_make,,,59.0,73.0,2.0,sochaje01,2.0,layup,2.0,,,,,,,,,,,,,,,,,,,,,,,,,,,7:02.0 sochaje01 makes 2-pt layup from 2 ft +2 59-73,7:02.0
261,fg_make,,,59.0,75.0,2.0,willija06,2.0,layup,3.0,,,,,,,,,,,,,,,,,,,,,,,,,,,6:51.0 59-75 +2 willija06 makes 2-pt layup from 3 ft,6:51.0
262,substitution,,,59.0,75.0,,,,,,,,,,,,,,,,,,,,,,,,,,,,,,,,6:51.0 johnske04 enters the game for champju02 59-75,6:51.0
263,fg_miss,,,59.0,75.0,,johnske04,3.0,jump shot,24.0,,,,,,,,,,,,,,,,,,,,,,,,,,,6:28.0 johnske04 misses 3-pt jump shot from 24 ft 59-75,6:28.0
264,rebound,,,59.0,75.0,,,,,,,,,,,defensive,holmgch01,False,,,,,,,,,,,,,,,,,,,6:25.0 59-75 Defensive rebound by holmgch01,6:25.0
265,fg_miss,,,59.0,75.0,,willija06,3.0,jump shot,25.0,,wembavi01,,,,,,,,,,,,,,,,,,,,,,,,,6:20.0 59-75 willija06 misses 3-pt jump shot from 25 ft (block by wembavi01 ),6:20.0
266,rebound,,,59.0,75.0,,,,,,,,,,,defensive,sochaje01,False,,,,,,,,,,,,,,,,,,,6:17.0 Defensive rebound by sochaje01 59-75,6:17.0
267,fg_make,,,62.0,75.0,3.0,barneha02,3.0,jump shot,23.0,paulch01,,,,,,,,,,,,,,,,,,,,,,,,,,6:13.0 barneha02 makes 3-pt jump shot from 23 ft (assist by paulch01 ) +3 62-75,6:13.0
268,foul,,,62.0,75.0,,,,,,,,,,,,,,offensive,holmgch01,wembavi01,,,,,,,,,,,,,,,,5:50.0 62-75 Offensive foul by holmgch01 (drawn by wembavi01 ),5:50.0
269,turnover,,,62.0,75.0,,,,,,,,,,,,,,,,,holmgch01,offensive foul,,,,,,,,,,,,,,5:50.0 62-75 Turnover by holmgch01 (offensive foul),5:50.0
270,substitution,,,62.0,75.0,,,,,,,,,,,,,,,,,,,,,,,,,,,,,,,,5:50.0 weslebl01 enters the game for sochaje01 62-75,5:50.0
271,substitution,,,62.0,75.0,,,,,,,,,,,,,,,,,,,,,,,,,,,,,,,,5:50.0 62-75 carusal01 enters the game for holmgch01,5:50.0
272,substitution,,,62.0,75.0,,,,,,,,,,,,,,,,,,,,,,,,,,,,,,,,5:50.0 62-75 diengou01 enters the game for willija06,5:50.0
273,fg_make,,,64.0,75.0,2.0,barneha02,2.0,jump shot,8.0,paulch01,,,,,,,,,,,,,,,,,,,,,,,,,,5:36.0 barneha02 makes 2-pt jump shot from 8 ft (assist by paulch01 ) +2 64-75,5:36.0
274,fg_miss,,,64.0,75.0,,gilgesh01,2.0,layup,3.0,,,,,,,,,,,,,,,,,,,,,,,,,,,5:09.0 64-75 gilgesh01 misses 2-pt layup from 3 ft,5:09.0
275,rebound,,,64.0,75.0,,,,,,,,,,,defensive,johnske04,False,,,,,,,,,,,,,,,,,,,5:07.0 Defensive rebound by johnske04 64-75,5:07.0
276,fg_miss,,,64.0,75.0,,paulch01,3.0,jump shot,26.0,,,,,,,,,,,,,,,,,,,,,,,,,,,4:52.0 paulch01 misses 3-pt jump shot from 26 ft 64-75,4:52.0
277,rebound,,,64.0,75.0,,,,,,,,,,,defensive,carusal01,False,,,,,,,,,,,,,,,,,,,4:49.0 64-75 Defensive rebound by carusal01,4:49.0
278,fg_miss,,,64.0,75.0,,wallaca01,2.0,layup,1.0,,paulch01,,,,,,,,,,,,,,,,,,,,,,,,,4:45.0 64-75 wallaca01 misses 2-pt layup from 1 ft (block by paulch01 ),4:45.0
279,rebound,,,64.0,75.0,,,,,,,,,,,offensive,,True,,,,,,,,,,,,,,,,,,,4:45.0 64-75 Offensive rebound by Team,4:45.0
280,substitution,,,64.0,75.0,,,,,,,,,,,,,,,,,,,,,,,,,,,,,,,,4:45.0 colliza01 enters the game for paulch01 64-75,4:45.0
281,substitution,,,64.0,75.0,,,,,,,,,,,,,,,,,,,,,,,,,,,,,,,,4:45.0 sochaje01 enters the game for wembavi01 64-75,4:45.0
282,substitution,,,64.0,75.0,,,,,,,,,,,,,,,,,,,,,,,,,,,,,,,,4:45.0 64-75 joeis01 enters the game for dortlu01,4:45.0
283,substitution,,,64.0,75.0,,,,,,,,,,,,,,,,,,,,,,,,,,,,,,,,4:45.0 64-75 wiggiaa01 enters the game for wallaca01,4:45.0
284,turnover,,,64.0,75.0,,,,,,,,,,,,,,,,,gilgesh01,step out of bounds,,,,,,,,,,,,,,4:44.0 64-75 Turnover by gilgesh01 (step out of bounds),4:44.0
285,foul,,,64.0,75.0,,,,,,,,,,,,,,personal,joeis01,weslebl01,,,,,,,,,,,,,,,,4:36.0 Personal foul by joeis01 (drawn by weslebl01 ) 64-75,4:36.0
286,fg_make,,,67.0,75.0,3.0,barneha02,3.0,jump shot,24.0,johnske04,,,,,,,,,,,,,,,,,,,,,,,,,,4:27.0 barneha02 makes 3-pt jump shot from 24 ft (assist by johnske04 ) +3 67-75,4:27.0
287,fg_miss,,,67.0,75.0,,gilgesh01,3.0,jump shot,26.0,,,,,,,,,,,,,,,,,,,,,,,,,,,4:02.0 67-75 gilgesh01 misses 3-pt jump shot from 26 ft,4:02.0
288,rebound,,,67.0,75.0,,,,,,,,,,,defensive,weslebl01,False,,,,,,,,,,,,,,,,,,,3:57.0 Defensive rebound by weslebl01 67-75,3:57.0
289,turnover,,,67.0,75.0,,,,,,,,,,,,,,,,,colliza01,lost ball; steal by joeis01,joeis01,,,,,,,,,,,,,3:46.0 Turnover by colliza01 (lost ball; steal by joeis01 ) 67-75,3:46.0
290,fg_make,,,67.0,77.0,2.0,gilgesh01,2.0,dunk,,wiggiaa01,,,,,,,,,,,,,,,,,,,,,,,,,,3:42.0 67-77 +2 gilgesh01 makes 2-pt dunk at rim (assist by wiggiaa01 ),3:42.0
291,timeout,,,67.0,77.0,,,,,,,,,,,,,,,,,,,,,,,,,,,,San Antonio full,,,,3:42.0 San Antonio full timeout 67-77,3:42.0
292,substitution,,,67.0,77.0,,,,,,,,,,,,,,,,,,,,,,,,,,,,,,,,3:42.0 castlst01 enters the game for barneha02 67-77,3:42.0
293,substitution,,,67.0,77.0,,,,,,,,,,,,,,,,,,,,,,,,,,,,,,,,3:42.0 67-77 mitchaj01 enters the game for gilgesh01,3:42.0
294,fg_miss,,,67.0,77.0,,castlst01,3.0,jump shot,25.0,,,,,,,,,,,,,,,,,,,,,,,,,,,3:24.0 castlst01 misses 3-pt jump shot from 25 ft 67-77,3:24.0
295,rebound,,,67.0,77.0,,,,,,,,,,,defensive,diengou01,False,,,,,,,,,,,,,,,,,,,3:20.0 67-77 Defensive rebound by diengou01,3:20.0
296,fg_miss,,,67.0,77.0,,wiggiaa01,2.0,jump shot,11.0,,,,,,,,,,,,,,,,,,,,,,,,,,,3:01.0 67-77 wiggiaa01 misses 2-pt jump shot from 11 ft,3:01.0
297,rebound,,,67.0,77.0,,,,,,,,,,,offensive,diengou01,False,,,,,,,,,,,,,,,,,,,2:59.0 67-77 Offensive rebound by diengou01,2:59.0
298,fg_miss,,,67.0,77.0,,carusal01,2.0,jump shot,4.0,,,,,,,,,,,,,,,,,,,,,,,,,,,2:47.0 67-77 carusal01 misses 2-pt jump shot from 4 ft,2:47.0
299,rebound,,,67.0,77.0,,,,,,,,,,,defensive,colliza01,False,,,,,,,,,,,,,,,,,,,2:43.0 Defensive rebound by colliza01 67-77,2:43.0
300,fg_make,,,70.0,77.0,3.0,johnske04,3.0,jump shot,25.0,,,,,,,,,,,,,,,,,,,,,,,,,,,2:33.0 johnske04 makes 3-pt jump shot from 25 ft +3 70-77,2:33.0
301,fg_make,,,70.0,79.0,2.0,mitchaj01,2.0,layup,4.0,,,,,,,,,,,,,,,,,,,,,,,,,,,2:15.0 70-79 +2 mitchaj01 makes 2-pt layup from 4 ft,2:15.0
302,turnover,,,70.0,79.0,,,,,,,,,,,,,,,,,weslebl01,bad pass; steal by mitchaj01,mitchaj01,,,,,,,,,,,,,2:03.0 Turnover by weslebl01 (bad pass; steal by mitchaj01 ) 70-79,2:03.0
303,fg_make,,,70.0,82.0,3.0,joeis01,3.0,jump shot,26.0,wiggiaa01,,,,,,,,,,,,,,,,,,,,,,,,,,1:54.0 70-82 +3 joeis01 makes 3-pt jump shot from 26 ft (assist by wiggiaa01 ),1:54.0
304,fg_miss,,,70.0,82.0,,weslebl01,2.0,jump shot,20.0,,,,,,,,,,,,,,,,,,,,,,,,,,,1:40.0 weslebl01 misses 2-pt jump shot from 20 ft 70-82,1:40.0
305,rebound,,,70.0,82.0,,,,,,,,,,,defensive,wiggiaa01,False,,,,,,,,,,,,,,,,,,,1:38.0 70-82 Defensive rebound by wiggiaa01,1:38.0
306,fg_miss,,,70.0,82.0,,joeis01,3.0,jump shot,24.0,,,,,,,,,,,,,,,,,,,,,,,,,,,1:29.0 70-82 joeis01 misses 3-pt jump shot from 24 ft,1:29.0
307,rebound,,,70.0,82.0,,,,,,,,,,,defensive,sochaje01,False,,,,,,,,,,,,,,,,,,,1:26.0 Defensive rebound by sochaje01 70-82,1:26.0
308,fg_miss,,,70.0,82.0,,sochaje01,2.0,layup,4.0,,,,,,,,,,,,,,,,,,,,,,,,,,,1:14.0 sochaje01 misses 2-pt layup from 4 ft 70-82,1:14.0
309,rebound,,,70.0,82.0,,,,,,,,,,,defensive,,True,,,,,,,,,,,,,,,,,,,1:13.0 70-82 Defensive rebound by Team,1:13.0
310,foul,,,70.0,82.0,,,,,,,,,,,,,,loose ball,sochaje01,wiggiaa01,,,,,,,,,,,,,,,,1:13.0 Loose ball foul by sochaje01 (drawn by wiggiaa01 ) 70-82,1:13.0
311,substitution,,,70.0,82.0,,,,,,,,,,,,,,,,,,,,,,,,,,,,,,,,1:13.0 barneha02 enters the game for colliza01 70-82,1:13.0
312,substitution,,,70.0,82.0,,,,,,,,,,,,,,,,,,,,,,,,,,,,,,,,1:13.0 branhma01 enters the game for sochaje01 70-82,1:13.0
313,substitution,,,70.0,82.0,,,,,,,,,,,,,,,,,,,,,,,,,,,,,,,,1:13.0 mamuksa01 enters the game for weslebl01 70-82,1:13.0
314,fg_miss,,,70.0,82.0,,mitchaj01,2.0,layup,6.0,,,,,,,,,,,,,,,,,,,,,,,,,,,1:03.0 70-82 mitchaj01 misses 2-pt layup from 6 ft,1:03.0
315,rebound,,,70.0,82.0,,,,,,,,,,,defensive,mamuksa01,False,,,,,,,,,,,,,,,,,,,1:01.0 Defensive rebound by mamuksa01 70-82,1:01.0
316,turnover,,,70.0,82.0,,,,,,,,,,,,,,,,,johnske04,bad pass; steal by diengou01,diengou01,,,,,,,,,,,,,0:50.0 Turnover by johnske04 (bad pass; steal by diengou01 ) 70-82,0:50.0
317,fg_miss,,,70.0,82.0,,carusal01,3.0,jump shot,26.0,,,,,,,,,,,,,,,,,,,,,,,,,,,0:35.0 70-82 carusal01 misses 3-pt jump shot from 26 ft,0:35.0
318,rebound,,,70.0,82.0,,,,,,,,,,,defensive,mamuksa01,False,,,,,,,,,,,,,,,,,,,0:32.0 Defensive rebound by mamuksa01 70-82,0:32.0
319,turnover,,,70.0,82.0,,,,,,,,,,,,,,,,,mamuksa01,lost ball; steal by carusal01,carusal01,,,,,,,,,,,,,0:16.0 Turnover by mamuksa01 (lost ball; steal by carusal01 ) 70-82,0:16.0
320,fg_miss,,,70.0,82.0,,wiggiaa01,3.0,jump shot,23.0,,castlst01,,,,,,,,,,,,,,,,,,,,,,,,,0:01.0 70-82 wiggiaa01 misses 3-pt jump shot from 23 ft (block by castlst01 ),0:01.0
321,rebound,,,70.0,82.0,,,,,,,,,,,defensive,johnske04,False,,,,,,,,,,,,,,,,,,,0:01.0 Defensive rebound by johnske04 70-82,0:01.0
322,period_end,,,,,,,,,,,,,,,,,,,,,,,,,,,,,,,,,quarter,3.0,,0:00.0 End of 3rd quarter,0:00.0
323,period_start,,,,,,,,,,,,,,,,,,,,,,,,,,,,,,,,,quarter,4.0,,12:00.0 Start of 4th quarter,12:00.0
324,fg_miss,,,70.0,82.0,,castlst01,2.0,jump shot,18.0,,,,,,,,,,,,,,,,,,,,,,,,,,,11:39.0 castlst01 misses 2-pt jump shot from 18 ft 70-82,11:39.0
325,rebound,,,70.0,82.0,,,,,,,,,,,defensive,mitchaj01,False,,,,,,,,,,,,,,,,,,,11:34.0 70-82 Defensive rebound by mitchaj01,11:34.0
326,fg_miss,,,70.0,82.0,,wiggiaa01,3.0,jump shot,23.0,,,,,,,,,,,,,,,,,,,,,,,,,,,11:21.0 70-82 wiggiaa01 misses 3-pt jump shot from 23 ft,11:21.0
327,rebound,,,70.0,82.0,,,,,,,,,,,defensive,castlst01,False,,,,,,,,,,,,,,,,,,,11:18.0 Defensive rebound by castlst01 70-82,11:18.0
328,fg_make,,,72.0,82.0,2.0,branhma01,2.0,layup,2.0,,,,,,,,,,,,,,,,,,,,,,,,,,,11:06.0 branhma01 makes 2-pt layup from 2 ft +2 72-82,11:06.0
329,fg_miss,,,72.0,82.0,,willija06,2.0,jump shot,15.0,,wembavi01,,,,,,,,,,,,,,,,,,,,,,,,,10:40.0 72-82 willija06 misses 2-pt jump shot from 15 ft (block by wembavi01 ),10:40.0
330,rebound,,,72.0,82.0,,,,,,,,,,,offensive,,True,,,,,,,,,,,,,,,,,,,10:39.0 72-82 Offensive rebound by Team,10:39.0
331,unknown,,,72.0,82.0,,,,,,,,,,,,,,,,,,,,,,,,,,,,,,,Turnover by Team (shot clock),10:39.0 72-82 Turnover by Team (shot clock),10:39.0
332,fg_make,,,75.0,82.0,3.0,branhma01,3.0,jump shot,25.0,mamuksa01,,,,,,,,,,,,,,,,,,,,,,,,,,10:23.0 branhma01 makes 3-pt jump shot from 25 ft (assist by mamuksa01 ) +3 75-82,10:23.0
333,fg_miss,,,75.0,82.0,,willija06,2.0,jump shot,18.0,,,,,,,,,,,,,,,,,,,,,,,,,,,10:01.0 75-82 willija06 misses 2-pt jump shot from 18 ft,10:01.0
334,rebound,,,75.0,82.0,,,,,,,,,,,defensive,wembavi01,False,,,,,,,,,,,,,,,,,,,9:59.0 Defensive rebound by wembavi01 75-82,9:59.0
335,fg_miss,,,75.0,82.0,,branhma01,2.0,jump shot,14.0,,,,,,,,,,,,,,,,,,,,,,,,,,,9:47.0 branhma01 misses 2-pt jump shot from 14 ft 75-82,9:47.0
336,rebound,,,75.0,82.0,,,,,,,,,,,defensive,willija06,False,,,,,,,,,,,,,,,,,,,9:44.0 75-82 Defensive rebound by willija06,9:44.0
337,fg_make,,,75.0,84.0,2.0,mitchaj01,2.0,layup,4.0,willija06,,,,,,,,,,,,,,,,,,,,,,,,,,9:38.0 75-84 +2 mitchaj01 makes 2-pt layup from 4 ft (assist by willija06 ),9:38.0
338,fg_miss,,,75.0,84.0,,mamuksa01,3.0,jump shot,26.0,,,,,,,,,,,,,,,,,,,,,,,,,,,9:24.0 mamuksa01 misses 3-pt jump shot from 26 ft 75-84,9:24.0
339,rebound,,,75.0,84.0,,,,,,,,,,,defensive,mitchaj01,False,,,,,,,,,,,,,,,,,,,9:21.0 75-84 Defensive rebound by mitchaj01,9:21.0
340,fg_make,,,75.0,86.0,2.0,wiggiaa01,2.0,jump shot,4.0,holmgch01,,,,,,,,,,,,,,,,,,,,,,,,,,9:08.0 75-86 +2 wiggiaa01 makes 2-pt jump shot from 4 ft (assist by holmgch01 ),9:08.0
341,foul,,,75.0,86.0,,,,,,,,,,,,,,offensive,mamuksa01,mitchaj01,,,,,,,,,,,,,,,,9:02.0 Offensive foul by mamuksa01 (drawn by mitchaj01 ) 75-86,9:02.0
342,turnover,,,75.0,86.0,,,,,,,,,,,,,,,,,mamuksa01,offensive foul,,,,,,,,,,,,,,9:02.0 Turnover by mamuksa01 (offensive foul) 75-86,9:02.0
343,fg_miss,,,75.0,86.0,,willija06,2.0,jump shot,6.0,,,,,,,,,,,,,,,,,,,,,,,,,,,8:48.0 75-86 willija06 misses 2-pt jump shot from 6 ft,8:48.0
344,rebound,,,75.0,86.0,,,,,,,,,,,defensive,wembavi01,False,,,,,,,,,,,,,,,,,,,8:46.0 Defensive rebound by wembavi01 75-86,8:46.0
345,turnover,,,75.0,86.0,,,,,,,,,,,,,,,,,wembavi01,lost ball; steal by mitchaj01,mitchaj01,,,,,,,,,,,,,8:39.0 Turnover by wembavi01 (lost ball; steal by mitchaj01 ) 75-86,8:39.0
346,turnover,,,75.0,86.0,,,,,,,,,,,,,,,,,wiggiaa01,bad pass; steal by barneha02,barneha02,,,,,,,,,,,,,8:33.0 75-86 Turnover by wiggiaa01 (bad pass; steal by barneha02 ),8:33.0
347,fg_make,,,77.0,86.0,2.0,barneha02,2.0,dunk,1.0,,,,,,,,,,,,,,,,,,,,,,,,,,,8:30.0 barneha02 makes 2-pt dunk from 1 ft +2 77-86,8:30.0
348,foul,,,77.0,86.0,,,,,,,,,,,,,,shooting,mamuksa01,mitchaj01,,,,,,,,,,,,,,,,8:09.0 77-86 Shooting foul by mamuksa01 (drawn by mitchaj01 ),8:09.0
349,free_throw,,,77.0,87.0,1.0,mitchaj01,,,,,,makes,1.0,2.0,,,,,,,,,,,,,,,,,,,,,,8:09.0 77-87 +1 mitchaj01 makes free throw 1 of 2,8:09.0
350,substitution,,,77.0,87.0,,,,,,,,,,,,,,,,,,,,,,,,,,,,,,,,8:09.0 johnske04 enters the game for mamuksa01 77-87,8:09.0
351,substitution,,,77.0,87.0,,,,,,,,,,,,,,,,,,,,,,,,,,,,,,,,8:09.0 77-87 wallaca01 enters the game for wiggiaa01,8:09.0
352,free_throw,,,77.0,87.0,,mitchaj01,,,,,,misses,2.0,2.0,,,,,,,,,,,,,,,,,,,,,,8:09.0 77-87 mitchaj01 misses free throw 2 of 2,8:09.0
353,rebound,,,77.0,87.0,,,,,,,,,,,defensive,branhma01,False,,,,,,,,,,,,,,,,,,,8:07.0 Defensive rebound by branhma01 77-87,8:07.0
354,foul,,,77.0,87.0,,,,,,,,,,,,,,personal,willija06,wembavi01,,,,,,,,,,,,,,,,7:55.0 Personal foul by willija06 (drawn by wembavi01 ) 77-87,7:55.0
355,fg_miss,,,77.0,87.0,,castlst01,3.0,jump shot,26.0,,,,,,,,,,,,,,,,,,,,,,,,,,,7:50.0 castlst01 misses 3-pt jump shot from 26 ft 77-87,7:50.0
356,rebound,,,77.0,87.0,,,,,,,,,,,defensive,mitchaj01,False,,,,,,,,,,,,,,,,,,,7:47.0 77-87 Defensive rebound by mitchaj01,7:47.0
357,fg_make,,,77.0,89.0,2.0,holmgch01,2.0,dunk,1.0,joeis01,,,,,,,,,,,,,,,,,,,,,,,,,,7:30.0 77-89 +2 holmgch01 makes 2-pt dunk from 1 ft (assist by joeis01 ),7:30.0
358,fg_miss,,,77.0,89.0,,barneha02,2.0,jump shot,14.0,,,,,,,,,,,,,,,,,,,,,,,,,,,7:17.0 barneha02 misses 2-pt jump shot from 14 ft 77-89,7:17.0
359,rebound,,,77.0,89.0,,,,,,,,,,,defensive,willija06,False,,,,,,,,,,,,,,,,,,,7:12.0 77-89 Defensive rebound by willija06,7:12.0
360,fg_make,,,77.0,91.0,2.0,mitchaj01,2.0,layup,3.0,,,,,,,,,,,,,,,,,,,,,,,,,,,7:04.0 77-91 +2 mitchaj01 makes 2-pt layup from 3 ft,7:04.0
361,timeout,,,77.0,91.0,,,,,,,,,,,,,,,,,,,,,,,,,,,,San Antonio full,,,,7:04.0 San Antonio full timeout 77-91,7:04.0
362,substitution,,,77.0,91.0,,,,,,,,,,,,,,,,,,,,,,,,,,,,,,,,7:04.0 champju02 enters the game for barneha02 77-91,7:04.0
363,substitution,,,77.0,91.0,,,,,,,,,,,,,,,,,,,,,,,,,,,,,,,,7:04.0 paulch01 enters the game for castlst01 77-91,7:04.0
364,substitution,,,77.0,91.0,,,,,,,,,,,,,,,,,,,,,,,,,,,,,,,,7:04.0 sochaje01 enters the game for wembavi01 77-91,7:04.0
365,fg_make,,,79.0,91.0,2.0,branhma01,2.0,jump shot,15.0,paulch01,,,,,,,,,,,,,,,,,,,,,,,,,,6:41.0 branhma01 makes 2-pt jump shot from 15 ft (assist by paulch01 ) +2 79-91,6:41.0
366,fg_make,,,79.0,93.0,2.0,willija06,2.0,jump shot,14.0,,,,,,,,,,,,,,,,,,,,,,,,,,,6:27.0 79-93 +2 willija06 makes 2-pt jump shot from 14 ft,6:27.0
367,fg_make,,,81.0,93.0,2.0,johnske04,2.0,layup,2.0,sochaje01,,,,,,,,,,,,,,,,,,,,,,,,,,6:06.0 johnske04 makes 2-pt layup from 2 ft (assist by sochaje01 ) +2 81-93,6:06.0
368,foul,,,81.0,93.0,,,,,,,,,,,,,,shooting,sochaje01,willija06,,,,,,,,,,,,,,,,5:52.0 81-93 Shooting foul by sochaje01 (drawn by willija06 ),5:52.0
369,free_throw,,,81.0,93.0,,willija06,,,,,,misses,1.0,2.0,,,,,,,,,,,,,,,,,,,,,,5:52.0 81-93 willija06 misses free throw 1 of 2,5:52.0
370,rebound,,,81.0,93.0,,,,,,,,,,,offensive,,True,,,,,,,,,,,,,,,,,,,5:52.0 81-93 Offensive rebound by Team,5:52.0
371,substitution,,,81.0,93.0,,,,,,,,,,,,,,,,,,,,,,,,,,,,,,,,5:52.0 81-93 diengou01 enters the game for holmgch01,5:52.0
372,substitution,,,81.0,93.0,,,,,,,,,,,,,,,,,,,,,,,,,,,,,,,,5:52.0 81-93 dortlu01 enters the game for joeis01,5:52.0
373,substitution,,,81.0,93.0,,,,,,,,,,,,,,,,,,,,,,,,,,,,,,,,5:52.0 81-93 gilgesh01 enters the game for mitchaj01,5:52.0
374,free_throw,,,81.0,94.0,1.0,willija06,,,,,,makes,2.0,2.0,,,,,,,,,,,,,,,,,,,,,,5:52.0 81-94 +1 willija06 makes free throw 2 of 2,5:52.0
375,turnover,,,81.0,94.0,,,,,,,,,,,,,,,,,branhma01,out of bounds lost ball,,,,,,,,,,,,,,5:44.0 Turnover by branhma01 (out of bounds lost ball) 81-94,5:44.0
376,substitution,,,81.0,94.0,,,,,,,,,,,,,,,,,,,,,,,,,,,,,,,,5:44.0 81-94 carusal01 enters the game for willija06,5:44.0
377,fg_miss,,,81.0,94.0,,gilgesh01,2.0,jump shot,14.0,,,,,,,,,,,,,,,,,,,,,,,,,,,5:28.0 81-94 gilgesh01 misses 2-pt jump shot from 14 ft,5:28.0
378,rebound,,,81.0,94.0,,,,,,,,,,,defensive,,True,,,,,,,,,,,,,,,,,,,5:26.0 Defensive rebound by Team 81-94,5:26.0
379,fg_miss,,,81.0,94.0,,johnske04,2.0,layup,5.0,,,,,,,,,,,,,,,,,,,,,,,,,,,5:11.0 johnske04 misses 2-pt layup from 5 ft 81-94,5:11.0
380,rebound,,,81.0,94.0,,,,,,,,,,,defensive,carusal01,False,,,,,,,,,,,,,,,,,,,5:09.0 81-94 Defensive rebound by carusal01,5:09.0
381,fg_make,,,81.0,97.0,3.0,dortlu01,3.0,jump shot,27.0,carusal01,,,,,,,,,,,,,,,,,,,,,,,,,,5:04.0 81-97 +3 dortlu01 makes 3-pt jump shot from 27 ft (assist by carusal01 ),5:04.0
382,fg_miss,,,81.0,97.0,,paulch01,3.0,jump shot,23.0,,,,,,,,,,,,,,,,,,,,,,,,,,,4:46.0 paulch01 misses 3-pt jump shot from 23 ft 81-97,4:46.0
383,rebound,,,81.0,97.0,,,,,,,,,,,defensive,diengou01,False,,,,,,,,,,,,,,,,,,,4:46.0 81-97 Defensive rebound by diengou01,4:46.0
384,fg_miss,,,81.0,97.0,,dortlu01,3.0,jump shot,25.0,,,,,,,,,,,,,,,,,,,,,,,,,,,4:39.0 81-97 dortlu01 misses 3-pt jump shot from 25 ft,4:39.0
385,rebound,,,81.0,97.0,,,,,,,,,,,offensive,wallaca01,False,,,,,,,,,,,,,,,,,,,4:37.0 81-97 Offensive rebound by wallaca01,4:37.0
386,fg_miss,,,81.0,97.0,,wallaca01,3.0,jump shot,25.0,,,,,,,,,,,,,,,,,,,,,,,,,,,4:30.0 81-97 wallaca01 misses 3-pt jump shot from 25 ft,4:30.0
387,rebound,,,81.0,97.0,,,,,,,,,,,defensive,paulch01,False,,,,,,,,,,,,,,,,,,,4:27.0 Defensive rebound by paulch01 81-97,4:27.0
388,foul,,,81.0,97.0,,,,,,,,,,,,,,shooting,diengou01,sochaje01,,,,,,,,,,,,,,,,4:12.0 Shooting foul by diengou01 (drawn by sochaje01 ) 81-97,4:12.0
389,free_throw,,,81.0,97.0,,sochaje01,,,,,,misses,1.0,2.0,,,,,,,,,,,,,,,,,,,,,,4:12.0 sochaje01 misses free throw 1 of 2 81-97,4:12.0
390,rebound,,,81.0,97.0,,,,,,,,,,,offensive,,True,,,,,,,,,,,,,,,,,,,4:12.0 Offensive rebound by Team 81-97,4:12.0
391,free_throw,,,82.0,97.0,1.0,sochaje01,,,,,,makes,2.0,2.0,,,,,,,,,,,,,,,,,,,,,,4:12.0 sochaje01 makes free throw 2 of 2 +1 82-97,4:12.0
392,fg_make,,,82.0,99.0,2.0,wallaca01,2.0,layup,2.0,,,,,,,,,,,,,,,,,,,,,,,,,,,4:01.0 82-99 +2 wallaca01 makes 2-pt layup from 2 ft,4:01.0
393,turnover,,,82.0,99.0,,,,,,,,,,,,,,,,,champju02,lost ball; steal by gilgesh01,gilgesh01,,,,,,,,,,,,,3:41.0 Turnover by champju02 (lost ball; steal by gilgesh01 ) 82-99,3:41.0
394,fg_make,,,82.0,101.0,2.0,gilgesh01,2.0,layup,1.0,diengou01,,,,,,,,,,,,,,,,,,,,,,,,,,3:38.0 82-101 +2 gilgesh01 makes 2-pt layup from 1 ft (assist by diengou01 ),3:38.0
395,fg_make,,,85.0,101.0,3.0,branhma01,3.0,jump shot,25.0,paulch01,,,,,,,,,,,,,,,,,,,,,,,,,,3:22.0 branhma01 makes 3-pt jump shot from 25 ft (assist by paulch01 ) +3 85-101,3:22.0
396,fg_make,,,85.0,103.0,2.0,gilgesh01,2.0,jump shot,9.0,,,,,,,,,,,,,,,,,,,,,,,,,,,2:57.0 85-103 +2 gilgesh01 makes 2-pt jump shot from 9 ft,2:57.0
397,fg_miss,,,85.0,103.0,,sochaje01,2.0,layup,2.0,,wallaca01,,,,,,,,,,,,,,,,,,,,,,,,,2:47.0 sochaje01 misses 2-pt layup from 2 ft (block by wallaca01 ) 85-103,2:47.0
398,rebound,,,85.0,103.0,,,,,,,,,,,offensive,sochaje01,False,,,,,,,,,,,,,,,,,,,2:46.0 Offensive rebound by sochaje01 85-103,2:46.0
399,fg_make,,,87.0,103.0,2.0,sochaje01,2.0,layup,1.0,,,,,,,,,,,,,,,,,,,,,,,,,,,2:46.0 sochaje01 makes 2-pt layup from 1 ft +2 87-103,2:46.0
400,timeout,,,87.0,103.0,,,,,,,,,,,,,,,,,,,,,,,,,,,,Oklahoma City full,,,,2:46.0 87-103 Oklahoma City full timeout,2:46.0
401,substitution,,,87.0,103.0,,,,,,,,,,,,,,,,,,,,,,,,,,,,,,,,2:46.0 castlst01 enters the game for champju02 87-103,2:46.0
402,substitution,,,87.0,103.0,,,,,,,,,,,,,,,,,,,,,,,,,,,,,,,,2:46.0 cissosi01 enters the game for johnske04 87-103,2:46.0
403,substitution,,,87.0,103.0,,,,,,,,,,,,,,,,,,,,,,,,,,,,,,,,2:46.0 mamuksa01 enters the game for paulch01 87-103,2:46.0
404,substitution,,,87.0,103.0,,,,,,,,,,,,,,,,,,,,,,,,,,,,,,,,2:46.0 weslebl01 enters the game for sochaje01 87-103,2:46.0
405,substitution,,,87.0,103.0,,,,,,,,,,,,,,,,,,,,,,,,,,,,,,,,2:46.0 87-103 jonesdi01 enters the game for dortlu01,2:46.0
406,substitution,,,87.0,103.0,,,,,,,,,,,,,,,,,,,,,,,,,,,,,,,,2:46.0 87-103 mitchaj01 enters the game for gilgesh01,2:46.0
407,fg_miss,,,87.0,103.0,,carusal01,3.0,jump shot,25.0,,,,,,,,,,,,,,,,,,,,,,,,,,,2:30.0 87-103 carusal01 misses 3-pt jump shot from 25 ft,2:30.0
408,rebound,,,87.0,103.0,,,,,,,,,,,defensive,mamuksa01,False,,,,,,,,,,,,,,,,,,,2:28.0 Defensive rebound by mamuksa01 87-103,2:28.0
409,turnover,,,87.0,103.0,,,,,,,,,,,,,,,,,weslebl01,bad pass; steal by diengou01,diengou01,,,,,,,,,,,,,2:19.0 Turnover by weslebl01 (bad pass; steal by diengou01 ) 87-103,2:19.0
410,fg_make,,,87.0,105.0,2.0,diengou01,2.0,layup,1.0,,,,,,,,,,,,,,,,,,,,,,,,,,,2:13.0 87-105 +2 diengou01 makes 2-pt layup from 1 ft,2:13.0
411,fg_miss,,,87.0,105.0,,branhma01,3.0,jump shot,25.0,,,,,,,,,,,,,,,,,,,,,,,,,,,1:49.0 branhma01 misses 3-pt jump shot from 25 ft 87-105,1:49.0
412,rebound,,,87.0,105.0,,,,,,,,,,,defensive,jonesdi01,False,,,,,,,,,,,,,,,,,,,1:47.0 87-105 Defensive rebound by jonesdi01,1:47.0
413,fg_miss,,,87.0,105.0,,wallaca01,2.0,layup,3.0,,,,,,,,,,,,,,,,,,,,,,,,,,,1:38.0 87-105 wallaca01 misses 2-pt layup from 3 ft,1:38.0
414,rebound,,,87.0,105.0,,,,,,,,,,,defensive,branhma01,False,,,,,,,,,,,,,,,,,,,1:35.0 Defensive rebound by branhma01 87-105,1:35.0
415,fg_make,,,90.0,105.0,3.0,mamuksa01,3.0,jump shot,24.0,cissosi01,,,,,,,,,,,,,,,,,,,,,,,,,,1:22.0 mamuksa01 makes 3-pt jump shot from 24 ft (assist by cissosi01 ) +3 90-105,1:22.0
416,fg_miss,,,90.0,105.0,,jonesdi01,2.0,jump shot,14.0,,,,,,,,,,,,,,,,,,,,,,,,,,,1:04.0 90-105 jonesdi01 misses 2-pt jump shot from 14 ft,1:04.0
417,rebound,,,90.0,105.0,,,,,,,,,,,defensive,cissosi01,False,,,,,,,,,,,,,,,,,,,1:04.0 Defensive rebound by cissosi01 90-105,1:04.0
418,foul,,,90.0,105.0,,,,,,,,,,,,,,personal,wallaca01,weslebl01,,,,,,,,,,,,,,,,1:00.0 Personal foul by wallaca01 (drawn by weslebl01 ) 90-105,1:00.0
419,substitution,,,90.0,105.0,,,,,,,,,,,,,,,,,,,,,,,,,,,,,,,,1:00.0 90-105 ducasal01 enters the game for carusal01,1:00.0
420,substitution,,,90.0,105.0,,,,,,,,,,,,,,,,,,,,,,,,,,,,,,,,1:00.0 90-105 flaglad01 enters the game for wallaca01,1:00.0
421,foul,,,90.0,105.0,,,,,,,,,,,,,,shooting,flaglad01,weslebl01,,,,,,,,,,,,,,,,0:51.0 Shooting foul by flaglad01 (drawn by weslebl01 ) 90-105,0:51.0
422,free_throw,,,91.0,105.0,1.0,weslebl01,,,,,,makes,1.0,2.0,,,,,,,,,,,,,,,,,,,,,,0:51.0 weslebl01 makes free throw 1 of 2 +1 91-105,0:51.0
423,free_throw,,,91.0,105.0,,weslebl01,,,,,,misses,2.0,2.0,,,,,,,,,,,,,,,,,,,,,,0:51.0 weslebl01 misses free throw 2 of 2 91-105,0:51.0
424,rebound,,,91.0,105.0,,,,,,,,,,,offensive,mamuksa01,False,,,,,,,,,,,,,,,,,,,0:48.0 Offensive rebound by mamuksa01 91-105,0:48.0
425,fg_miss,,,91.0,105.0,,mamuksa01,2.0,layup,2.0,,,,,,,,,,,,,,,,,,,,,,,,,,,0:47.0 mamuksa01 misses 2-pt layup from 2 ft 91-105,0:47.0
426,rebound,,,91.0,105.0,,,,,,,,,,,defensive,diengou01,False,,,,,,,,,,,,,,,,,,,0:46.0 91-105 Defensive rebound by diengou01,0:46.0
427,fg_miss,,,91.0,105.0,,diengou01,3.0,jump shot,24.0,,,,,,,,,,,,,,,,,,,,,,,,,,,0:31.0 91-105 diengou01 misses 3-pt jump shot from 24 ft,0:31.0
428,rebound,,,91.0,105.0,,,,,,,,,,,defensive,mamuksa01,False,,,,,,,,,,,,,,,,,,,0:29.0 Defensive rebound by mamuksa01 91-105,0:29.0
429,fg_make,,,93.0,105.0,2.0,weslebl01,2.0,layup,2.0,,,,,,,,,,,,,,,,,,,,,,,,,,,0:13.0 weslebl01 makes 2-pt layup from 2 ft +2 93-105,0:13.0
430,period_end,,,,,,,,,,,,,,,,,,,,,,,,,,,,,,,,,quarter,4.0,,0:00.0 End of 4th quarter,0:00.0
